http://img3m2.ddimg.cn/65/26/12100013012-1_b_1700209162.jpg, 文学1,暂无出版社,¥20.20
http://img3m8.ddimg.cn/72/17/29643048-1_b_1703485806.jpg, 1课3练 五年级下册 小学英语 PEP人教版 2024年春新版教材同步全优作业本阶段巩固提优专项归类测评卷知识梳理,暂无出版社,¥39.80
http://img3m6.ddimg.cn/52/1/29644216-1_b_1699504327.jpg, 1一分钟漫画墨菲定律简单有用的生活法则 破除职场处世情感中的心理魔咒 人性的弱点正版书籍,暂无出版社,¥34.30
http://img3m1.ddimg.cn/65/10/29643041-1_b_1703207888.jpg, 1课3练 四年级下册 小学英语 PEP人教版 2024年春新版教材同步全优作业本阶段巩固提优专项归类测评卷知识梳理,暂无出版社,¥23.50
http://img3m1.ddimg.cn/85/30/29643061-1_b_1702516912.jpg, 1课3练 一年级下册 小学数学 青岛版 2024年春新版教材同步全优作业本单元提优归类复习测评卷知识梳理易错题典,暂无出版社,¥25.30
http://img3m7.ddimg.cn/8/26/29642687-1_b_1702870564.jpg, 1课3练 八年级下册 初中历史 人教版 2024年春新版教材同步单元提优期中期末测试卷随堂练习册全优作业本,暂无出版社,¥26.60
http://img3m2.ddimg.cn/86/31/29643062-1_b_1702867544.jpg, 1课3练 一年级下册 小学数学 人教版 2024年春新版教材同步全优作业本单元随堂测评专题复习提优知识梳理易错题典,暂无出版社,¥23.50
http://img3m0.ddimg.cn/44/26/29643020-1_b_1702870553.jpg, 1课3练 六年级下册 小学数学 人教版 2024年春新版教材同步全优作业本单元随堂测评专题复习提优知识梳理易错题典,暂无出版社,¥23.50
http://img3m7.ddimg.cn/51/33/29643027-1_b_1702862886.jpg, 1课3练 七年级下册 初中历史 人教版 2024年春新版教材同步单元提优期中期末测试卷随堂练习册全优作业本,暂无出版社,¥24.80
http://img3m5.ddimg.cn/69/14/29643045-1_b_1702516919.jpg, 1课3练 五年级下册 小学数学 青岛版 2024年春新版教材同步全优作业本单元提优归类复习测评卷知识梳理易错题典,暂无出版社,¥25.30
http://img3m1.ddimg.cn/51/12/29662431-1_b_1701828850.jpg, 案说1 : 违纪违法疑难案件辨析,暂无出版社,¥49.00
http://img3m4.ddimg.cn/91/13/12100012444-1_b_1698974398.jpg, 奥数1-6年级（标准教程+习题精选+能力测试三合一）,暂无出版社,¥19.50
http://img3m3.ddimg.cn/78/24/29658003-1_b_1701235692.jpg, 赘婿1-8套装（郭麒麟、宋轶主演电视剧《赘婿》同名原著小说！）,,¥159.20
http://img3m5.ddimg.cn/39/21/29643015-1_b_1702280887.jpg, 1课3练 二年级下册 小学数学 人教版 2024年春新版教材同步全优作业本单元随堂测评专题复习提优知识梳理易错题典,暂无出版社,¥23.50
http://img3m1.ddimg.cn/44/5/12100012991-1_b_1700189311.jpg, 攻玉1+2,暂无出版社,¥35.80
http://img3m0.ddimg.cn/14/24/29643980-1_b_1700464973.jpg, 白夜1（当当亲签版）,盒盒酥 绘 时梧 编 华文天下 懒漫社 出品,¥36.00
http://img3m1.ddimg.cn/75/20/29643051-1_b_1701247692.jpg, 1课3练 五年级下册 小学语文 人教版 2024年春新版教材同步全优作业本阅读提升专题归类巩固必背知识手册,暂无出版社,¥23.50
http://img3m2.ddimg.cn/46/31/25259302-1_b_25.jpg, 银火箭少年科幻系列・第1辑（8册。“雨果奖”得主、三体作者刘慈欣主编，套装内作者作品曾获银河奖特等奖等多项国际大奖）,刘慈欣、[英]赫伯特・乔治・威尔斯、[英]玛丽・雪莱等 著，小当当童书馆 出品,¥115.20
http://img3m4.ddimg.cn/89/7/12100011254-1_b_1697628905.jpg, 神奇点心店（1-16）（全16册）（欢迎光临钱天堂，“儿童版解忧杂货店”开张了！）,暂无出版社,¥34.50
http://img3m4.ddimg.cn/9/11/29659914-1_b_1701846025.jpg, 半小时漫画红楼梦1-2 全2册（专治没耐心读红楼梦！赠人物关系海报）混子哥新作 半小时漫画文库,,¥68.30
http://img3m0.ddimg.cn/66/8/12100007370-1_b_1697621515.jpg, 哈利・波特全集（套装1-7册） (平装)《语文》教材推荐阅读书目，外国儿童文学经典，新英国版封面平装版,暂无出版社,¥28.10
http://img3m9.ddimg.cn/22/21/29223139-1_b_8.jpg, 1岁宝宝智力开发早教书 全4册 我一岁了 宝宝亲子阅读启蒙认知 婴儿全脑智能开发图书 1岁宝宝学说话语言启蒙,,¥22.00
http://img3m8.ddimg.cn/5/9/12100007408-1_b_1697621539.jpg, 1-3岁阶梯拼图.交通工具 共8张盒装启蒙观察力培养专注力逻辑思考邦臣小红花,暂无出版社,¥23.30
http://img3m6.ddimg.cn/8/34/29172536-1_b_6.jpg, 1分钟漫画博弈论 谈判推理思维能力生存策略励志成功经管经济理论书,,¥27.00
http://img3m5.ddimg.cn/2/6/12100007405-1_b_1697621538.jpg, 笑猫日记1-保姆狗的阴谋,暂无出版社,¥10.00
http://img3m3.ddimg.cn/95/21/12100009973-1_b_1697628061.jpg, 1-4岁幼儿专注力培养游戏书・宝宝专注力1000：城市大发现（点读版）,暂无出版社,¥19.90
http://img3m0.ddimg.cn/46/34/29578870-1_b_1.jpg, 意林 小国学1-6期（共6册）,,¥59.80
http://img3m8.ddimg.cn/34/23/12100010308-1_b_1697628259.jpg, 大侦探福尔摩斯（第1辑）（全6册）,暂无出版社,¥19.60
http://img3m7.ddimg.cn/25/4/29638447-1_b_1700534207.jpg, 如果历史是一群喵1-13（套装共13册）,,¥559.70
http://img3m1.ddimg.cn/94/20/23989081-1_b_20.jpg, 三体1（典藏版）,,¥18.60
http://img3m9.ddimg.cn/54/33/29312469-1_b_2.jpg, 君伟上小学:1年级鲜事多,,¥10.00
http://img3m5.ddimg.cn/21/11/25301055-1_b_4.jpg, 1Q84（套装全3册）2018版,南海出版公司,¥81.80
http://img3m3.ddimg.cn/43/25/25240093-1_b_10.jpg, 宫西达也绘本・1只小猪和100只狼,,¥19.00
http://img3m2.ddimg.cn/15/8/29382522-1_b_1692335429.jpg, 镖人1-11套装（同名动画腾讯视频热播！轰动日本的中国漫画！信念越强，力量越强！高桥留美子、万茜、田晓鹏、马伯庸推荐,,¥231.60
http://img3m8.ddimg.cn/90/9/29408238-1_b_1695174022.jpg, 趣说中国史1+2（全2册） 趣哥漫画历史书 中华上下五千年历史 中国古代历史皇帝书籍,,¥49.80
http://img3m7.ddimg.cn/49/13/29549767-1_b_3.jpg, 龙域1：龙山 （ 一部集魔幻传说与热血史诗的全新战记；适合9岁以上青少年读者群）,(英)曾凯蒂 (英)曾家伟 ，译者：杜星苹 正清出品,¥14.80
http://img3m4.ddimg.cn/76/30/12100010944-1_b_1697628719.jpg, 24版1年级-语文高效训练88篇+阅读力测评A版（套装共两册）,暂无出版社,¥31.80
http://img3m2.ddimg.cn/6/3/29336082-1_b_2.jpg, 诡秘之主1-3册（白金大神 爱潜水的乌贼 克苏鲁奇幻与蒸汽朋克口碑力作 小丑卷全3册，炫出品）,,¥61.30
http://img3m1.ddimg.cn/82/1/29397241-1_b_1.jpg, 朝俞1+2套装（全2册）,,¥43.80
http://img3m1.ddimg.cn/0/17/29616741-1_b_1701073194.jpg, 好好说话1+2套装：非暴力沟通+精准表达（幼儿版）,,¥48.00
http://img3m5.ddimg.cn/86/10/23629505-1_b_1699496433.jpg, 有故事的汉字 第1辑（全3册）彩色印刷，图文并茂，详细诠释汉字的根与源，汉字的形与意,,¥30.00
http://img3m2.ddimg.cn/22/29/29478262-1_b_6.jpg, 1天6分钟，视力恢复术（不用药、不开刀，0成本视力恢复按摩操！）,,¥20.30
http://img3m8.ddimg.cn/68/11/29664428-1_b_1702079995.jpg, 小学生自学大语文1 针对各种读书读不进去 馒头大师新作 小学写作素材 一到六年级课外阅读积累 对应部编版一年级语文教材课,,¥45.40
http://img3m9.ddimg.cn/12/9/29361729-1_b_10.jpg, 龙族1-3礼盒套装修订版 赠绘梨衣Q版冰箱贴 江南著 共5册,,¥160.90
http://img3m7.ddimg.cn/36/1/26920017-1_b_1693388693.jpg, 1-4岁幼儿专注力培养游戏书・宝宝专注力1000：城市大发现（点读版）,,¥19.90
http://img3m3.ddimg.cn/42/7/26920023-1_b_1691403132.jpg, 1-4岁幼儿专注力培养游戏书・宝宝专注力1000（全6册）（点读版）,,¥119.40
http://img3m3.ddimg.cn/30/20/29487873-1_b_2.jpg, 1分钟漫画处事技巧每天懂一点为人处事社交礼仪沟通智慧书情商表达人际交往为人处事语言表达能力正版,,¥29.80
http://img3m8.ddimg.cn/79/27/29658598-1_b_1701235839.jpg, 不要用爱控制我1：如何识别和有效应对控制你的人,暂无出版社,¥48.90
http://img3m3.ddimg.cn/63/4/29143683-1_b_9.jpg, 一读就上瘾的中国史1+2(套装全2册),,¥53.80
http://img3m5.ddimg.cn/47/11/29549765-1_b_2.jpg, 龙域系列套装1-3：一部集魔幻传说与热血史诗的全新战记；适合9岁以上青少年读者群,(英)曾凯蒂 (英)曾家伟 译者：杜星苹 正清出品,¥44.50
http://img3m1.ddimg.cn/2/5/24015521-1_b_6.jpg, 1张纸折叠而成的艺术品 生动折纸,,¥24.90
http://img3m1.ddimg.cn/8/8/8904761-1_b_5.jpg, 新概念英语1 语法练习,,¥17.70
http://img3m3.ddimg.cn/16/8/23737543-1_b_20.jpg, 罗小黑战记1（豆瓣9.6分的国民动画！TV动画4月24日起每周六更新！每次看罗小黑，负能量都瞬间没！）,北京联合出版公司,¥19.90
http://img3m5.ddimg.cn/36/5/29631825-1_b_1698307804.jpg, 洛克数学启蒙第1辑+第2辑（全20册）绘本妈妈海桐推荐 3-6岁,,¥248.00
http://img3m9.ddimg.cn/70/33/29644729-1_b_1701421941.jpg, 大奥：1―6（吉永史代表作，女性漫画里程碑，简体中文版首度引进）,,¥149.00
http://img3m8.ddimg.cn/47/34/29571248-1_b_1.jpg, 1分钟漫画数学物理化学礼盒装全18册内附4副数理化公式挂图儿童数理化知识启蒙漫画书8-15岁中小学生少儿童百科全书,,¥89.00
http://img3m2.ddimg.cn/36/23/29662812-1_b_1702448652.jpg, 褚橙方法1：重新定义品牌,,¥34.50
http://img3m2.ddimg.cn/31/20/29139592-1_b_2.jpg, 龙族1：火之晨曦（修订版）,,¥34.00
http://img3m0.ddimg.cn/78/15/12100009560-1_b_1697622952.jpg, 你好!法语(1)(学生用书)(配DVD-ROM)(19新),暂无出版社,¥10.40
http://img3m5.ddimg.cn/22/28/29368075-1_b_12.jpg, 磨铁经典第1辑：一间自己的房间,,¥21.00
http:None, 文学1,暂无出版社,¥20.20
http://img3m8.ddimg.cn/72/17/29643048-1_b_1703485806.jpg, 1课3练 五年级下册 小学英语 PEP人教版 2024年春新版教材同步全优作业本阶段巩固提优专项归类测评卷知识梳理,暂无出版社,¥39.80
http://img3m6.ddimg.cn/52/1/29644216-1_b_1699504327.jpg, 1一分钟漫画墨菲定律简单有用的生活法则 破除职场处世情感中的心理魔咒 人性的弱点正版书籍,暂无出版社,¥34.30
http://img3m1.ddimg.cn/65/10/29643041-1_b_1703207888.jpg, 1课3练 四年级下册 小学英语 PEP人教版 2024年春新版教材同步全优作业本阶段巩固提优专项归类测评卷知识梳理,暂无出版社,¥23.50
http://img3m1.ddimg.cn/85/30/29643061-1_b_1702516912.jpg, 1课3练 一年级下册 小学数学 青岛版 2024年春新版教材同步全优作业本单元提优归类复习测评卷知识梳理易错题典,暂无出版社,¥25.30
http://img3m7.ddimg.cn/8/26/29642687-1_b_1702870564.jpg, 1课3练 八年级下册 初中历史 人教版 2024年春新版教材同步单元提优期中期末测试卷随堂练习册全优作业本,暂无出版社,¥26.60
http://img3m2.ddimg.cn/86/31/29643062-1_b_1702867544.jpg, 1课3练 一年级下册 小学数学 人教版 2024年春新版教材同步全优作业本单元随堂测评专题复习提优知识梳理易错题典,暂无出版社,¥23.50
http://img3m0.ddimg.cn/44/26/29643020-1_b_1702870553.jpg, 1课3练 六年级下册 小学数学 人教版 2024年春新版教材同步全优作业本单元随堂测评专题复习提优知识梳理易错题典,暂无出版社,¥23.50
http://img3m7.ddimg.cn/51/33/29643027-1_b_1702862886.jpg, 1课3练 七年级下册 初中历史 人教版 2024年春新版教材同步单元提优期中期末测试卷随堂练习册全优作业本,暂无出版社,¥24.80
http://img3m5.ddimg.cn/69/14/29643045-1_b_1702516919.jpg, 1课3练 五年级下册 小学数学 青岛版 2024年春新版教材同步全优作业本单元提优归类复习测评卷知识梳理易错题典,暂无出版社,¥25.30
http://img3m1.ddimg.cn/51/12/29662431-1_b_1701828850.jpg, 案说1 : 违纪违法疑难案件辨析,暂无出版社,¥49.00
http://img3m4.ddimg.cn/91/13/12100012444-1_b_1698974398.jpg, 奥数1-6年级（标准教程+习题精选+能力测试三合一）,暂无出版社,¥19.50
http://img3m3.ddimg.cn/78/24/29658003-1_b_1701235692.jpg, 赘婿1-8套装（郭麒麟、宋轶主演电视剧《赘婿》同名原著小说！）,,¥159.20
http://img3m5.ddimg.cn/39/21/29643015-1_b_1702280887.jpg, 1课3练 二年级下册 小学数学 人教版 2024年春新版教材同步全优作业本单元随堂测评专题复习提优知识梳理易错题典,暂无出版社,¥23.50
http://img3m1.ddimg.cn/44/5/12100012991-1_b_1700189311.jpg, 攻玉1+2,暂无出版社,¥35.80
http://img3m0.ddimg.cn/14/24/29643980-1_b_1700464973.jpg, 白夜1（当当亲签版）,盒盒酥 绘 时梧 编 华文天下 懒漫社 出品,¥36.00
http://img3m1.ddimg.cn/75/20/29643051-1_b_1701247692.jpg, 1课3练 五年级下册 小学语文 人教版 2024年春新版教材同步全优作业本阅读提升专题归类巩固必背知识手册,暂无出版社,¥23.50
http://img3m2.ddimg.cn/46/31/25259302-1_b_25.jpg, 银火箭少年科幻系列・第1辑（8册。“雨果奖”得主、三体作者刘慈欣主编，套装内作者作品曾获银河奖特等奖等多项国际大奖）,刘慈欣、[英]赫伯特・乔治・威尔斯、[英]玛丽・雪莱等 著，小当当童书馆 出品,¥115.20
http://img3m4.ddimg.cn/89/7/12100011254-1_b_1697628905.jpg, 神奇点心店（1-16）（全16册）（欢迎光临钱天堂，“儿童版解忧杂货店”开张了！）,暂无出版社,¥34.50
http://img3m4.ddimg.cn/9/11/29659914-1_b_1701846025.jpg, 半小时漫画红楼梦1-2 全2册（专治没耐心读红楼梦！赠人物关系海报）混子哥新作 半小时漫画文库,,¥68.30
http://img3m0.ddimg.cn/66/8/12100007370-1_b_1697621515.jpg, 哈利・波特全集（套装1-7册） (平装)《语文》教材推荐阅读书目，外国儿童文学经典，新英国版封面平装版,暂无出版社,¥28.10
http://img3m9.ddimg.cn/22/21/29223139-1_b_8.jpg, 1岁宝宝智力开发早教书 全4册 我一岁了 宝宝亲子阅读启蒙认知 婴儿全脑智能开发图书 1岁宝宝学说话语言启蒙,,¥22.00
http://img3m8.ddimg.cn/5/9/12100007408-1_b_1697621539.jpg, 1-3岁阶梯拼图.交通工具 共8张盒装启蒙观察力培养专注力逻辑思考邦臣小红花,暂无出版社,¥23.30
http://img3m6.ddimg.cn/8/34/29172536-1_b_6.jpg, 1分钟漫画博弈论 谈判推理思维能力生存策略励志成功经管经济理论书,,¥27.00
http://img3m5.ddimg.cn/2/6/12100007405-1_b_1697621538.jpg, 笑猫日记1-保姆狗的阴谋,暂无出版社,¥10.00
http://img3m3.ddimg.cn/95/21/12100009973-1_b_1697628061.jpg, 1-4岁幼儿专注力培养游戏书・宝宝专注力1000：城市大发现（点读版）,暂无出版社,¥19.90
http://img3m0.ddimg.cn/46/34/29578870-1_b_1.jpg, 意林 小国学1-6期（共6册）,,¥59.80
http://img3m8.ddimg.cn/34/23/12100010308-1_b_1697628259.jpg, 大侦探福尔摩斯（第1辑）（全6册）,暂无出版社,¥19.60
http://img3m7.ddimg.cn/25/4/29638447-1_b_1700534207.jpg, 如果历史是一群喵1-13（套装共13册）,,¥559.70
http://img3m1.ddimg.cn/94/20/23989081-1_b_20.jpg, 三体1（典藏版）,,¥18.60
http://img3m9.ddimg.cn/54/33/29312469-1_b_2.jpg, 君伟上小学:1年级鲜事多,,¥10.00
http://img3m5.ddimg.cn/21/11/25301055-1_b_4.jpg, 1Q84（套装全3册）2018版,南海出版公司,¥81.80
http://img3m3.ddimg.cn/43/25/25240093-1_b_10.jpg, 宫西达也绘本・1只小猪和100只狼,,¥19.00
http://img3m2.ddimg.cn/15/8/29382522-1_b_1692335429.jpg, 镖人1-11套装（同名动画腾讯视频热播！轰动日本的中国漫画！信念越强，力量越强！高桥留美子、万茜、田晓鹏、马伯庸推荐,,¥231.60
http://img3m8.ddimg.cn/90/9/29408238-1_b_1695174022.jpg, 趣说中国史1+2（全2册） 趣哥漫画历史书 中华上下五千年历史 中国古代历史皇帝书籍,,¥49.80
http://img3m7.ddimg.cn/49/13/29549767-1_b_3.jpg, 龙域1：龙山 （ 一部集魔幻传说与热血史诗的全新战记；适合9岁以上青少年读者群）,(英)曾凯蒂 (英)曾家伟 ，译者：杜星苹 正清出品,¥14.80
http://img3m4.ddimg.cn/76/30/12100010944-1_b_1697628719.jpg, 24版1年级-语文高效训练88篇+阅读力测评A版（套装共两册）,暂无出版社,¥31.80
http://img3m2.ddimg.cn/6/3/29336082-1_b_2.jpg, 诡秘之主1-3册（白金大神 爱潜水的乌贼 克苏鲁奇幻与蒸汽朋克口碑力作 小丑卷全3册，炫出品）,,¥61.30
http://img3m1.ddimg.cn/82/1/29397241-1_b_1.jpg, 朝俞1+2套装（全2册）,,¥43.80
http://img3m1.ddimg.cn/0/17/29616741-1_b_1701073194.jpg, 好好说话1+2套装：非暴力沟通+精准表达（幼儿版）,,¥48.00
http://img3m5.ddimg.cn/86/10/23629505-1_b_1699496433.jpg, 有故事的汉字 第1辑（全3册）彩色印刷，图文并茂，详细诠释汉字的根与源，汉字的形与意,,¥30.00
http://img3m2.ddimg.cn/22/29/29478262-1_b_6.jpg, 1天6分钟，视力恢复术（不用药、不开刀，0成本视力恢复按摩操！）,,¥20.30
http://img3m8.ddimg.cn/68/11/29664428-1_b_1702079995.jpg, 小学生自学大语文1 针对各种读书读不进去 馒头大师新作 小学写作素材 一到六年级课外阅读积累 对应部编版一年级语文教材课,,¥45.40
http://img3m9.ddimg.cn/12/9/29361729-1_b_10.jpg, 龙族1-3礼盒套装修订版 赠绘梨衣Q版冰箱贴 江南著 共5册,,¥160.90
http://img3m7.ddimg.cn/36/1/26920017-1_b_1693388693.jpg, 1-4岁幼儿专注力培养游戏书・宝宝专注力1000：城市大发现（点读版）,,¥19.90
http://img3m3.ddimg.cn/42/7/26920023-1_b_1691403132.jpg, 1-4岁幼儿专注力培养游戏书・宝宝专注力1000（全6册）（点读版）,,¥119.40
http://img3m3.ddimg.cn/30/20/29487873-1_b_2.jpg, 1分钟漫画处事技巧每天懂一点为人处事社交礼仪沟通智慧书情商表达人际交往为人处事语言表达能力正版,,¥29.80
http://img3m8.ddimg.cn/79/27/29658598-1_b_1701235839.jpg, 不要用爱控制我1：如何识别和有效应对控制你的人,暂无出版社,¥48.90
http://img3m3.ddimg.cn/63/4/29143683-1_b_9.jpg, 一读就上瘾的中国史1+2(套装全2册),,¥53.80
http://img3m5.ddimg.cn/47/11/29549765-1_b_2.jpg, 龙域系列套装1-3：一部集魔幻传说与热血史诗的全新战记；适合9岁以上青少年读者群,(英)曾凯蒂 (英)曾家伟 译者：杜星苹 正清出品,¥44.50
http://img3m1.ddimg.cn/2/5/24015521-1_b_6.jpg, 1张纸折叠而成的艺术品 生动折纸,,¥24.90
http://img3m1.ddimg.cn/8/8/8904761-1_b_5.jpg, 新概念英语1 语法练习,,¥17.70
http://img3m3.ddimg.cn/16/8/23737543-1_b_20.jpg, 罗小黑战记1（豆瓣9.6分的国民动画！TV动画4月24日起每周六更新！每次看罗小黑，负能量都瞬间没！）,北京联合出版公司,¥19.90
http://img3m5.ddimg.cn/36/5/29631825-1_b_1698307804.jpg, 洛克数学启蒙第1辑+第2辑（全20册）绘本妈妈海桐推荐 3-6岁,,¥248.00
http://img3m9.ddimg.cn/70/33/29644729-1_b_1701421941.jpg, 大奥：1―6（吉永史代表作，女性漫画里程碑，简体中文版首度引进）,,¥149.00
http://img3m8.ddimg.cn/47/34/29571248-1_b_1.jpg, 1分钟漫画数学物理化学礼盒装全18册内附4副数理化公式挂图儿童数理化知识启蒙漫画书8-15岁中小学生少儿童百科全书,,¥89.00
http://img3m2.ddimg.cn/36/23/29662812-1_b_1702448652.jpg, 褚橙方法1：重新定义品牌,,¥34.50
http://img3m2.ddimg.cn/31/20/29139592-1_b_2.jpg, 龙族1：火之晨曦（修订版）,,¥34.00
http://img3m0.ddimg.cn/78/15/12100009560-1_b_1697622952.jpg, 你好!法语(1)(学生用书)(配DVD-ROM)(19新),暂无出版社,¥10.40
http://img3m5.ddimg.cn/22/28/29368075-1_b_12.jpg, 磨铁经典第1辑：一间自己的房间,,¥21.00
http:None, 文学1,暂无出版社,¥20.20
http://img3m8.ddimg.cn/72/17/29643048-1_b_1703485806.jpg, 1课3练 五年级下册 小学英语 PEP人教版 2024年春新版教材同步全优作业本阶段巩固提优专项归类测评卷知识梳理,暂无出版社,¥39.80
http://img3m6.ddimg.cn/52/1/29644216-1_b_1699504327.jpg, 1一分钟漫画墨菲定律简单有用的生活法则 破除职场处世情感中的心理魔咒 人性的弱点正版书籍,暂无出版社,¥34.30
http://img3m1.ddimg.cn/65/10/29643041-1_b_1703207888.jpg, 1课3练 四年级下册 小学英语 PEP人教版 2024年春新版教材同步全优作业本阶段巩固提优专项归类测评卷知识梳理,暂无出版社,¥23.50
http://img3m1.ddimg.cn/85/30/29643061-1_b_1702516912.jpg, 1课3练 一年级下册 小学数学 青岛版 2024年春新版教材同步全优作业本单元提优归类复习测评卷知识梳理易错题典,暂无出版社,¥25.30
http://img3m7.ddimg.cn/8/26/29642687-1_b_1702870564.jpg, 1课3练 八年级下册 初中历史 人教版 2024年春新版教材同步单元提优期中期末测试卷随堂练习册全优作业本,暂无出版社,¥26.60
http://img3m2.ddimg.cn/86/31/29643062-1_b_1702867544.jpg, 1课3练 一年级下册 小学数学 人教版 2024年春新版教材同步全优作业本单元随堂测评专题复习提优知识梳理易错题典,暂无出版社,¥23.50
http://img3m0.ddimg.cn/44/26/29643020-1_b_1702870553.jpg, 1课3练 六年级下册 小学数学 人教版 2024年春新版教材同步全优作业本单元随堂测评专题复习提优知识梳理易错题典,暂无出版社,¥23.50
http://img3m7.ddimg.cn/51/33/29643027-1_b_1702862886.jpg, 1课3练 七年级下册 初中历史 人教版 2024年春新版教材同步单元提优期中期末测试卷随堂练习册全优作业本,暂无出版社,¥24.80
http://img3m5.ddimg.cn/69/14/29643045-1_b_1702516919.jpg, 1课3练 五年级下册 小学数学 青岛版 2024年春新版教材同步全优作业本单元提优归类复习测评卷知识梳理易错题典,暂无出版社,¥25.30
http://img3m1.ddimg.cn/51/12/29662431-1_b_1701828850.jpg, 案说1 : 违纪违法疑难案件辨析,暂无出版社,¥49.00
http://img3m4.ddimg.cn/91/13/12100012444-1_b_1698974398.jpg, 奥数1-6年级（标准教程+习题精选+能力测试三合一）,暂无出版社,¥19.50
http://img3m3.ddimg.cn/78/24/29658003-1_b_1701235692.jpg, 赘婿1-8套装（郭麒麟、宋轶主演电视剧《赘婿》同名原著小说！）,,¥159.20
http://img3m5.ddimg.cn/39/21/29643015-1_b_1702280887.jpg, 1课3练 二年级下册 小学数学 人教版 2024年春新版教材同步全优作业本单元随堂测评专题复习提优知识梳理易错题典,暂无出版社,¥23.50
http://img3m1.ddimg.cn/44/5/12100012991-1_b_1700189311.jpg, 攻玉1+2,暂无出版社,¥35.80
http://img3m0.ddimg.cn/14/24/29643980-1_b_1700464973.jpg, 白夜1（当当亲签版）,盒盒酥 绘 时梧 编 华文天下 懒漫社 出品,¥36.00
http://img3m1.ddimg.cn/75/20/29643051-1_b_1701247692.jpg, 1课3练 五年级下册 小学语文 人教版 2024年春新版教材同步全优作业本阅读提升专题归类巩固必背知识手册,暂无出版社,¥23.50
http://img3m2.ddimg.cn/46/31/25259302-1_b_25.jpg, 银火箭少年科幻系列・第1辑（8册。“雨果奖”得主、三体作者刘慈欣主编，套装内作者作品曾获银河奖特等奖等多项国际大奖）,刘慈欣、[英]赫伯特・乔治・威尔斯、[英]玛丽・雪莱等 著，小当当童书馆 出品,¥115.20
http://img3m4.ddimg.cn/89/7/12100011254-1_b_1697628905.jpg, 神奇点心店（1-16）（全16册）（欢迎光临钱天堂，“儿童版解忧杂货店”开张了！）,暂无出版社,¥34.50
http://img3m4.ddimg.cn/9/11/29659914-1_b_1701846025.jpg, 半小时漫画红楼梦1-2 全2册（专治没耐心读红楼梦！赠人物关系海报）混子哥新作 半小时漫画文库,,¥68.30
http://img3m0.ddimg.cn/66/8/12100007370-1_b_1697621515.jpg, 哈利・波特全集（套装1-7册） (平装)《语文》教材推荐阅读书目，外国儿童文学经典，新英国版封面平装版,暂无出版社,¥28.10
http://img3m9.ddimg.cn/22/21/29223139-1_b_8.jpg, 1岁宝宝智力开发早教书 全4册 我一岁了 宝宝亲子阅读启蒙认知 婴儿全脑智能开发图书 1岁宝宝学说话语言启蒙,,¥22.00
http://img3m8.ddimg.cn/5/9/12100007408-1_b_1697621539.jpg, 1-3岁阶梯拼图.交通工具 共8张盒装启蒙观察力培养专注力逻辑思考邦臣小红花,暂无出版社,¥23.30
http://img3m6.ddimg.cn/8/34/29172536-1_b_6.jpg, 1分钟漫画博弈论 谈判推理思维能力生存策略励志成功经管经济理论书,,¥27.00
http://img3m5.ddimg.cn/2/6/12100007405-1_b_1697621538.jpg, 笑猫日记1-保姆狗的阴谋,暂无出版社,¥10.00
http://img3m3.ddimg.cn/95/21/12100009973-1_b_1697628061.jpg, 1-4岁幼儿专注力培养游戏书・宝宝专注力1000：城市大发现（点读版）,暂无出版社,¥19.90
http://img3m0.ddimg.cn/46/34/29578870-1_b_1.jpg, 意林 小国学1-6期（共6册）,,¥59.80
http://img3m8.ddimg.cn/34/23/12100010308-1_b_1697628259.jpg, 大侦探福尔摩斯（第1辑）（全6册）,暂无出版社,¥19.60
http://img3m7.ddimg.cn/25/4/29638447-1_b_1700534207.jpg, 如果历史是一群喵1-13（套装共13册）,,¥559.70
http://img3m1.ddimg.cn/94/20/23989081-1_b_20.jpg, 三体1（典藏版）,,¥18.60
http://img3m9.ddimg.cn/54/33/29312469-1_b_2.jpg, 君伟上小学:1年级鲜事多,,¥10.00
http://img3m5.ddimg.cn/21/11/25301055-1_b_4.jpg, 1Q84（套装全3册）2018版,南海出版公司,¥81.80
http://img3m3.ddimg.cn/43/25/25240093-1_b_10.jpg, 宫西达也绘本・1只小猪和100只狼,,¥19.00
http://img3m2.ddimg.cn/15/8/29382522-1_b_1692335429.jpg, 镖人1-11套装（同名动画腾讯视频热播！轰动日本的中国漫画！信念越强，力量越强！高桥留美子、万茜、田晓鹏、马伯庸推荐,,¥231.60
http://img3m8.ddimg.cn/90/9/29408238-1_b_1695174022.jpg, 趣说中国史1+2（全2册） 趣哥漫画历史书 中华上下五千年历史 中国古代历史皇帝书籍,,¥49.80
http://img3m7.ddimg.cn/49/13/29549767-1_b_3.jpg, 龙域1：龙山 （ 一部集魔幻传说与热血史诗的全新战记；适合9岁以上青少年读者群）,(英)曾凯蒂 (英)曾家伟 ，译者：杜星苹 正清出品,¥14.80
http://img3m4.ddimg.cn/76/30/12100010944-1_b_1697628719.jpg, 24版1年级-语文高效训练88篇+阅读力测评A版（套装共两册）,暂无出版社,¥31.80
http://img3m2.ddimg.cn/6/3/29336082-1_b_2.jpg, 诡秘之主1-3册（白金大神 爱潜水的乌贼 克苏鲁奇幻与蒸汽朋克口碑力作 小丑卷全3册，炫出品）,,¥61.30
http://img3m1.ddimg.cn/82/1/29397241-1_b_1.jpg, 朝俞1+2套装（全2册）,,¥43.80
http://img3m1.ddimg.cn/0/17/29616741-1_b_1701073194.jpg, 好好说话1+2套装：非暴力沟通+精准表达（幼儿版）,,¥48.00
http://img3m5.ddimg.cn/86/10/23629505-1_b_1699496433.jpg, 有故事的汉字 第1辑（全3册）彩色印刷，图文并茂，详细诠释汉字的根与源，汉字的形与意,,¥30.00
http://img3m2.ddimg.cn/22/29/29478262-1_b_6.jpg, 1天6分钟，视力恢复术（不用药、不开刀，0成本视力恢复按摩操！）,,¥20.30
http://img3m8.ddimg.cn/68/11/29664428-1_b_1702079995.jpg, 小学生自学大语文1 针对各种读书读不进去 馒头大师新作 小学写作素材 一到六年级课外阅读积累 对应部编版一年级语文教材课,,¥45.40
http://img3m9.ddimg.cn/12/9/29361729-1_b_10.jpg, 龙族1-3礼盒套装修订版 赠绘梨衣Q版冰箱贴 江南著 共5册,,¥160.90
http://img3m7.ddimg.cn/36/1/26920017-1_b_1693388693.jpg, 1-4岁幼儿专注力培养游戏书・宝宝专注力1000：城市大发现（点读版）,,¥19.90
http://img3m3.ddimg.cn/42/7/26920023-1_b_1691403132.jpg, 1-4岁幼儿专注力培养游戏书・宝宝专注力1000（全6册）（点读版）,,¥119.40
http://img3m3.ddimg.cn/30/20/29487873-1_b_2.jpg, 1分钟漫画处事技巧每天懂一点为人处事社交礼仪沟通智慧书情商表达人际交往为人处事语言表达能力正版,,¥29.80
http://img3m8.ddimg.cn/79/27/29658598-1_b_1701235839.jpg, 不要用爱控制我1：如何识别和有效应对控制你的人,暂无出版社,¥48.90
http://img3m3.ddimg.cn/63/4/29143683-1_b_9.jpg, 一读就上瘾的中国史1+2(套装全2册),,¥53.80
http://img3m5.ddimg.cn/47/11/29549765-1_b_2.jpg, 龙域系列套装1-3：一部集魔幻传说与热血史诗的全新战记；适合9岁以上青少年读者群,(英)曾凯蒂 (英)曾家伟 译者：杜星苹 正清出品,¥44.50
http://img3m1.ddimg.cn/2/5/24015521-1_b_6.jpg, 1张纸折叠而成的艺术品 生动折纸,,¥24.90
http://img3m1.ddimg.cn/8/8/8904761-1_b_5.jpg, 新概念英语1 语法练习,,¥17.70
http://img3m3.ddimg.cn/16/8/23737543-1_b_20.jpg, 罗小黑战记1（豆瓣9.6分的国民动画！TV动画4月24日起每周六更新！每次看罗小黑，负能量都瞬间没！）,北京联合出版公司,¥19.90
http://img3m5.ddimg.cn/36/5/29631825-1_b_1698307804.jpg, 洛克数学启蒙第1辑+第2辑（全20册）绘本妈妈海桐推荐 3-6岁,,¥248.00
http://img3m9.ddimg.cn/70/33/29644729-1_b_1701421941.jpg, 大奥：1―6（吉永史代表作，女性漫画里程碑，简体中文版首度引进）,,¥149.00
http://img3m8.ddimg.cn/47/34/29571248-1_b_1.jpg, 1分钟漫画数学物理化学礼盒装全18册内附4副数理化公式挂图儿童数理化知识启蒙漫画书8-15岁中小学生少儿童百科全书,,¥89.00
http://img3m2.ddimg.cn/36/23/29662812-1_b_1702448652.jpg, 褚橙方法1：重新定义品牌,,¥34.50
http://img3m2.ddimg.cn/31/20/29139592-1_b_2.jpg, 龙族1：火之晨曦（修订版）,,¥34.00
http://img3m0.ddimg.cn/78/15/12100009560-1_b_1697622952.jpg, 你好!法语(1)(学生用书)(配DVD-ROM)(19新),暂无出版社,¥10.40
http://img3m5.ddimg.cn/22/28/29368075-1_b_12.jpg, 磨铁经典第1辑：一间自己的房间,,¥21.00
http:None, 文学1,暂无出版社,¥20.20
http://img3m8.ddimg.cn/72/17/29643048-1_b_1703485806.jpg, 1课3练 五年级下册 小学英语 PEP人教版 2024年春新版教材同步全优作业本阶段巩固提优专项归类测评卷知识梳理,暂无出版社,¥39.80
http://img3m6.ddimg.cn/52/1/29644216-1_b_1699504327.jpg, 1一分钟漫画墨菲定律简单有用的生活法则 破除职场处世情感中的心理魔咒 人性的弱点正版书籍,暂无出版社,¥34.30
http://img3m1.ddimg.cn/65/10/29643041-1_b_1703207888.jpg, 1课3练 四年级下册 小学英语 PEP人教版 2024年春新版教材同步全优作业本阶段巩固提优专项归类测评卷知识梳理,暂无出版社,¥23.50
http://img3m1.ddimg.cn/85/30/29643061-1_b_1702516912.jpg, 1课3练 一年级下册 小学数学 青岛版 2024年春新版教材同步全优作业本单元提优归类复习测评卷知识梳理易错题典,暂无出版社,¥25.30
http://img3m7.ddimg.cn/8/26/29642687-1_b_1702870564.jpg, 1课3练 八年级下册 初中历史 人教版 2024年春新版教材同步单元提优期中期末测试卷随堂练习册全优作业本,暂无出版社,¥26.60
http://img3m2.ddimg.cn/86/31/29643062-1_b_1702867544.jpg, 1课3练 一年级下册 小学数学 人教版 2024年春新版教材同步全优作业本单元随堂测评专题复习提优知识梳理易错题典,暂无出版社,¥23.50
http://img3m0.ddimg.cn/44/26/29643020-1_b_1702870553.jpg, 1课3练 六年级下册 小学数学 人教版 2024年春新版教材同步全优作业本单元随堂测评专题复习提优知识梳理易错题典,暂无出版社,¥23.50
http://img3m7.ddimg.cn/51/33/29643027-1_b_1702862886.jpg, 1课3练 七年级下册 初中历史 人教版 2024年春新版教材同步单元提优期中期末测试卷随堂练习册全优作业本,暂无出版社,¥24.80
http://img3m5.ddimg.cn/69/14/29643045-1_b_1702516919.jpg, 1课3练 五年级下册 小学数学 青岛版 2024年春新版教材同步全优作业本单元提优归类复习测评卷知识梳理易错题典,暂无出版社,¥25.30
http://img3m1.ddimg.cn/51/12/29662431-1_b_1701828850.jpg, 案说1 : 违纪违法疑难案件辨析,暂无出版社,¥49.00
http://img3m4.ddimg.cn/91/13/12100012444-1_b_1698974398.jpg, 奥数1-6年级（标准教程+习题精选+能力测试三合一）,暂无出版社,¥19.50
http://img3m3.ddimg.cn/78/24/29658003-1_b_1701235692.jpg, 赘婿1-8套装（郭麒麟、宋轶主演电视剧《赘婿》同名原著小说！）,,¥159.20
http://img3m5.ddimg.cn/39/21/29643015-1_b_1702280887.jpg, 1课3练 二年级下册 小学数学 人教版 2024年春新版教材同步全优作业本单元随堂测评专题复习提优知识梳理易错题典,暂无出版社,¥23.50
http://img3m1.ddimg.cn/44/5/12100012991-1_b_1700189311.jpg, 攻玉1+2,暂无出版社,¥35.80
http://img3m0.ddimg.cn/14/24/29643980-1_b_1700464973.jpg, 白夜1（当当亲签版）,盒盒酥 绘 时梧 编 华文天下 懒漫社 出品,¥36.00
http://img3m1.ddimg.cn/75/20/29643051-1_b_1701247692.jpg, 1课3练 五年级下册 小学语文 人教版 2024年春新版教材同步全优作业本阅读提升专题归类巩固必背知识手册,暂无出版社,¥23.50
http://img3m2.ddimg.cn/46/31/25259302-1_b_25.jpg, 银火箭少年科幻系列・第1辑（8册。“雨果奖”得主、三体作者刘慈欣主编，套装内作者作品曾获银河奖特等奖等多项国际大奖）,刘慈欣、[英]赫伯特・乔治・威尔斯、[英]玛丽・雪莱等 著，小当当童书馆 出品,¥115.20
http://img3m4.ddimg.cn/89/7/12100011254-1_b_1697628905.jpg, 神奇点心店（1-16）（全16册）（欢迎光临钱天堂，“儿童版解忧杂货店”开张了！）,暂无出版社,¥34.50
http://img3m4.ddimg.cn/9/11/29659914-1_b_1701846025.jpg, 半小时漫画红楼梦1-2 全2册（专治没耐心读红楼梦！赠人物关系海报）混子哥新作 半小时漫画文库,,¥68.30
http://img3m0.ddimg.cn/66/8/12100007370-1_b_1697621515.jpg, 哈利・波特全集（套装1-7册） (平装)《语文》教材推荐阅读书目，外国儿童文学经典，新英国版封面平装版,暂无出版社,¥28.10
http://img3m9.ddimg.cn/22/21/29223139-1_b_8.jpg, 1岁宝宝智力开发早教书 全4册 我一岁了 宝宝亲子阅读启蒙认知 婴儿全脑智能开发图书 1岁宝宝学说话语言启蒙,,¥22.00
http://img3m8.ddimg.cn/5/9/12100007408-1_b_1697621539.jpg, 1-3岁阶梯拼图.交通工具 共8张盒装启蒙观察力培养专注力逻辑思考邦臣小红花,暂无出版社,¥23.30
http://img3m6.ddimg.cn/8/34/29172536-1_b_6.jpg, 1分钟漫画博弈论 谈判推理思维能力生存策略励志成功经管经济理论书,,¥27.00
http://img3m5.ddimg.cn/2/6/12100007405-1_b_1697621538.jpg, 笑猫日记1-保姆狗的阴谋,暂无出版社,¥10.00
http://img3m3.ddimg.cn/95/21/12100009973-1_b_1697628061.jpg, 1-4岁幼儿专注力培养游戏书・宝宝专注力1000：城市大发现（点读版）,暂无出版社,¥19.90
http://img3m0.ddimg.cn/46/34/29578870-1_b_1.jpg, 意林 小国学1-6期（共6册）,,¥59.80
http://img3m8.ddimg.cn/34/23/12100010308-1_b_1697628259.jpg, 大侦探福尔摩斯（第1辑）（全6册）,暂无出版社,¥19.60
http://img3m7.ddimg.cn/25/4/29638447-1_b_1700534207.jpg, 如果历史是一群喵1-13（套装共13册）,,¥559.70
http://img3m1.ddimg.cn/94/20/23989081-1_b_20.jpg, 三体1（典藏版）,,¥18.60
http://img3m9.ddimg.cn/54/33/29312469-1_b_2.jpg, 君伟上小学:1年级鲜事多,,¥10.00
http://img3m5.ddimg.cn/21/11/25301055-1_b_4.jpg, 1Q84（套装全3册）2018版,南海出版公司,¥81.80
http://img3m3.ddimg.cn/43/25/25240093-1_b_10.jpg, 宫西达也绘本・1只小猪和100只狼,,¥19.00
http://img3m2.ddimg.cn/15/8/29382522-1_b_1692335429.jpg, 镖人1-11套装（同名动画腾讯视频热播！轰动日本的中国漫画！信念越强，力量越强！高桥留美子、万茜、田晓鹏、马伯庸推荐,,¥231.60
http://img3m8.ddimg.cn/90/9/29408238-1_b_1695174022.jpg, 趣说中国史1+2（全2册） 趣哥漫画历史书 中华上下五千年历史 中国古代历史皇帝书籍,,¥49.80
http://img3m7.ddimg.cn/49/13/29549767-1_b_3.jpg, 龙域1：龙山 （ 一部集魔幻传说与热血史诗的全新战记；适合9岁以上青少年读者群）,(英)曾凯蒂 (英)曾家伟 ，译者：杜星苹 正清出品,¥14.80
http://img3m4.ddimg.cn/76/30/12100010944-1_b_1697628719.jpg, 24版1年级-语文高效训练88篇+阅读力测评A版（套装共两册）,暂无出版社,¥31.80
http://img3m2.ddimg.cn/6/3/29336082-1_b_2.jpg, 诡秘之主1-3册（白金大神 爱潜水的乌贼 克苏鲁奇幻与蒸汽朋克口碑力作 小丑卷全3册，炫出品）,,¥61.30
http://img3m1.ddimg.cn/82/1/29397241-1_b_1.jpg, 朝俞1+2套装（全2册）,,¥43.80
http://img3m1.ddimg.cn/0/17/29616741-1_b_1701073194.jpg, 好好说话1+2套装：非暴力沟通+精准表达（幼儿版）,,¥48.00
http://img3m5.ddimg.cn/86/10/23629505-1_b_1699496433.jpg, 有故事的汉字 第1辑（全3册）彩色印刷，图文并茂，详细诠释汉字的根与源，汉字的形与意,,¥30.00
http://img3m2.ddimg.cn/22/29/29478262-1_b_6.jpg, 1天6分钟，视力恢复术（不用药、不开刀，0成本视力恢复按摩操！）,,¥20.30
http://img3m8.ddimg.cn/68/11/29664428-1_b_1702079995.jpg, 小学生自学大语文1 针对各种读书读不进去 馒头大师新作 小学写作素材 一到六年级课外阅读积累 对应部编版一年级语文教材课,,¥45.40
http://img3m9.ddimg.cn/12/9/29361729-1_b_10.jpg, 龙族1-3礼盒套装修订版 赠绘梨衣Q版冰箱贴 江南著 共5册,,¥160.90
http://img3m7.ddimg.cn/36/1/26920017-1_b_1693388693.jpg, 1-4岁幼儿专注力培养游戏书・宝宝专注力1000：城市大发现（点读版）,,¥19.90
http://img3m3.ddimg.cn/42/7/26920023-1_b_1691403132.jpg, 1-4岁幼儿专注力培养游戏书・宝宝专注力1000（全6册）（点读版）,,¥119.40
http://img3m3.ddimg.cn/30/20/29487873-1_b_2.jpg, 1分钟漫画处事技巧每天懂一点为人处事社交礼仪沟通智慧书情商表达人际交往为人处事语言表达能力正版,,¥29.80
http://img3m8.ddimg.cn/79/27/29658598-1_b_1701235839.jpg, 不要用爱控制我1：如何识别和有效应对控制你的人,暂无出版社,¥48.90
http://img3m3.ddimg.cn/63/4/29143683-1_b_9.jpg, 一读就上瘾的中国史1+2(套装全2册),,¥53.80
http://img3m5.ddimg.cn/47/11/29549765-1_b_2.jpg, 龙域系列套装1-3：一部集魔幻传说与热血史诗的全新战记；适合9岁以上青少年读者群,(英)曾凯蒂 (英)曾家伟 译者：杜星苹 正清出品,¥44.50
http://img3m1.ddimg.cn/2/5/24015521-1_b_6.jpg, 1张纸折叠而成的艺术品 生动折纸,,¥24.90
http://img3m1.ddimg.cn/8/8/8904761-1_b_5.jpg, 新概念英语1 语法练习,,¥17.70
http://img3m3.ddimg.cn/16/8/23737543-1_b_20.jpg, 罗小黑战记1（豆瓣9.6分的国民动画！TV动画4月24日起每周六更新！每次看罗小黑，负能量都瞬间没！）,北京联合出版公司,¥19.90
http://img3m5.ddimg.cn/36/5/29631825-1_b_1698307804.jpg, 洛克数学启蒙第1辑+第2辑（全20册）绘本妈妈海桐推荐 3-6岁,,¥248.00
http://img3m9.ddimg.cn/70/33/29644729-1_b_1701421941.jpg, 大奥：1―6（吉永史代表作，女性漫画里程碑，简体中文版首度引进）,,¥149.00
http://img3m8.ddimg.cn/47/34/29571248-1_b_1.jpg, 1分钟漫画数学物理化学礼盒装全18册内附4副数理化公式挂图儿童数理化知识启蒙漫画书8-15岁中小学生少儿童百科全书,,¥89.00
http://img3m2.ddimg.cn/36/23/29662812-1_b_1702448652.jpg, 褚橙方法1：重新定义品牌,,¥34.50
http://img3m2.ddimg.cn/31/20/29139592-1_b_2.jpg, 龙族1：火之晨曦（修订版）,,¥34.00
http://img3m0.ddimg.cn/78/15/12100009560-1_b_1697622952.jpg, 你好!法语(1)(学生用书)(配DVD-ROM)(19新),暂无出版社,¥10.40
http://img3m5.ddimg.cn/22/28/29368075-1_b_12.jpg, 磨铁经典第1辑：一间自己的房间,,¥21.00
http:None, 文学1,暂无出版社,¥20.20
http://img3m8.ddimg.cn/72/17/29643048-1_b_1703485806.jpg, 1课3练 五年级下册 小学英语 PEP人教版 2024年春新版教材同步全优作业本阶段巩固提优专项归类测评卷知识梳理,暂无出版社,¥39.80
http://img3m6.ddimg.cn/52/1/29644216-1_b_1699504327.jpg, 1一分钟漫画墨菲定律简单有用的生活法则 破除职场处世情感中的心理魔咒 人性的弱点正版书籍,暂无出版社,¥34.30
http://img3m1.ddimg.cn/65/10/29643041-1_b_1703207888.jpg, 1课3练 四年级下册 小学英语 PEP人教版 2024年春新版教材同步全优作业本阶段巩固提优专项归类测评卷知识梳理,暂无出版社,¥23.50
http://img3m1.ddimg.cn/85/30/29643061-1_b_1702516912.jpg, 1课3练 一年级下册 小学数学 青岛版 2024年春新版教材同步全优作业本单元提优归类复习测评卷知识梳理易错题典,暂无出版社,¥25.30
http://img3m7.ddimg.cn/8/26/29642687-1_b_1702870564.jpg, 1课3练 八年级下册 初中历史 人教版 2024年春新版教材同步单元提优期中期末测试卷随堂练习册全优作业本,暂无出版社,¥26.60
http://img3m2.ddimg.cn/86/31/29643062-1_b_1702867544.jpg, 1课3练 一年级下册 小学数学 人教版 2024年春新版教材同步全优作业本单元随堂测评专题复习提优知识梳理易错题典,暂无出版社,¥23.50
http://img3m0.ddimg.cn/44/26/29643020-1_b_1702870553.jpg, 1课3练 六年级下册 小学数学 人教版 2024年春新版教材同步全优作业本单元随堂测评专题复习提优知识梳理易错题典,暂无出版社,¥23.50
http://img3m7.ddimg.cn/51/33/29643027-1_b_1702862886.jpg, 1课3练 七年级下册 初中历史 人教版 2024年春新版教材同步单元提优期中期末测试卷随堂练习册全优作业本,暂无出版社,¥24.80
http://img3m5.ddimg.cn/69/14/29643045-1_b_1702516919.jpg, 1课3练 五年级下册 小学数学 青岛版 2024年春新版教材同步全优作业本单元提优归类复习测评卷知识梳理易错题典,暂无出版社,¥25.30
http://img3m1.ddimg.cn/51/12/29662431-1_b_1701828850.jpg, 案说1 : 违纪违法疑难案件辨析,暂无出版社,¥49.00
http://img3m4.ddimg.cn/91/13/12100012444-1_b_1698974398.jpg, 奥数1-6年级（标准教程+习题精选+能力测试三合一）,暂无出版社,¥19.50
http://img3m3.ddimg.cn/78/24/29658003-1_b_1701235692.jpg, 赘婿1-8套装（郭麒麟、宋轶主演电视剧《赘婿》同名原著小说！）,,¥159.20
http://img3m5.ddimg.cn/39/21/29643015-1_b_1702280887.jpg, 1课3练 二年级下册 小学数学 人教版 2024年春新版教材同步全优作业本单元随堂测评专题复习提优知识梳理易错题典,暂无出版社,¥23.50
http://img3m1.ddimg.cn/44/5/12100012991-1_b_1700189311.jpg, 攻玉1+2,暂无出版社,¥35.80
http://img3m0.ddimg.cn/14/24/29643980-1_b_1700464973.jpg, 白夜1（当当亲签版）,盒盒酥 绘 时梧 编 华文天下 懒漫社 出品,¥36.00
http://img3m1.ddimg.cn/75/20/29643051-1_b_1701247692.jpg, 1课3练 五年级下册 小学语文 人教版 2024年春新版教材同步全优作业本阅读提升专题归类巩固必背知识手册,暂无出版社,¥23.50
http://img3m2.ddimg.cn/46/31/25259302-1_b_25.jpg, 银火箭少年科幻系列・第1辑（8册。“雨果奖”得主、三体作者刘慈欣主编，套装内作者作品曾获银河奖特等奖等多项国际大奖）,刘慈欣、[英]赫伯特・乔治・威尔斯、[英]玛丽・雪莱等 著，小当当童书馆 出品,¥115.20
http://img3m4.ddimg.cn/89/7/12100011254-1_b_1697628905.jpg, 神奇点心店（1-16）（全16册）（欢迎光临钱天堂，“儿童版解忧杂货店”开张了！）,暂无出版社,¥34.50
http://img3m4.ddimg.cn/9/11/29659914-1_b_1701846025.jpg, 半小时漫画红楼梦1-2 全2册（专治没耐心读红楼梦！赠人物关系海报）混子哥新作 半小时漫画文库,,¥68.30
http://img3m0.ddimg.cn/66/8/12100007370-1_b_1697621515.jpg, 哈利・波特全集（套装1-7册） (平装)《语文》教材推荐阅读书目，外国儿童文学经典，新英国版封面平装版,暂无出版社,¥28.10
http://img3m9.ddimg.cn/22/21/29223139-1_b_8.jpg, 1岁宝宝智力开发早教书 全4册 我一岁了 宝宝亲子阅读启蒙认知 婴儿全脑智能开发图书 1岁宝宝学说话语言启蒙,,¥22.00
http://img3m8.ddimg.cn/5/9/12100007408-1_b_1697621539.jpg, 1-3岁阶梯拼图.交通工具 共8张盒装启蒙观察力培养专注力逻辑思考邦臣小红花,暂无出版社,¥23.30
http://img3m6.ddimg.cn/8/34/29172536-1_b_6.jpg, 1分钟漫画博弈论 谈判推理思维能力生存策略励志成功经管经济理论书,,¥27.00
http://img3m5.ddimg.cn/2/6/12100007405-1_b_1697621538.jpg, 笑猫日记1-保姆狗的阴谋,暂无出版社,¥10.00
http://img3m3.ddimg.cn/95/21/12100009973-1_b_1697628061.jpg, 1-4岁幼儿专注力培养游戏书・宝宝专注力1000：城市大发现（点读版）,暂无出版社,¥19.90
http://img3m0.ddimg.cn/46/34/29578870-1_b_1.jpg, 意林 小国学1-6期（共6册）,,¥59.80
http://img3m8.ddimg.cn/34/23/12100010308-1_b_1697628259.jpg, 大侦探福尔摩斯（第1辑）（全6册）,暂无出版社,¥19.60
http://img3m7.ddimg.cn/25/4/29638447-1_b_1700534207.jpg, 如果历史是一群喵1-13（套装共13册）,,¥559.70
http://img3m1.ddimg.cn/94/20/23989081-1_b_20.jpg, 三体1（典藏版）,,¥18.60
http://img3m9.ddimg.cn/54/33/29312469-1_b_2.jpg, 君伟上小学:1年级鲜事多,,¥10.00
http://img3m5.ddimg.cn/21/11/25301055-1_b_4.jpg, 1Q84（套装全3册）2018版,南海出版公司,¥81.80
http://img3m3.ddimg.cn/43/25/25240093-1_b_10.jpg, 宫西达也绘本・1只小猪和100只狼,,¥19.00
http://img3m2.ddimg.cn/15/8/29382522-1_b_1692335429.jpg, 镖人1-11套装（同名动画腾讯视频热播！轰动日本的中国漫画！信念越强，力量越强！高桥留美子、万茜、田晓鹏、马伯庸推荐,,¥231.60
http://img3m8.ddimg.cn/90/9/29408238-1_b_1695174022.jpg, 趣说中国史1+2（全2册） 趣哥漫画历史书 中华上下五千年历史 中国古代历史皇帝书籍,,¥49.80
http://img3m7.ddimg.cn/49/13/29549767-1_b_3.jpg, 龙域1：龙山 （ 一部集魔幻传说与热血史诗的全新战记；适合9岁以上青少年读者群）,(英)曾凯蒂 (英)曾家伟 ，译者：杜星苹 正清出品,¥14.80
http://img3m4.ddimg.cn/76/30/12100010944-1_b_1697628719.jpg, 24版1年级-语文高效训练88篇+阅读力测评A版（套装共两册）,暂无出版社,¥31.80
http://img3m2.ddimg.cn/6/3/29336082-1_b_2.jpg, 诡秘之主1-3册（白金大神 爱潜水的乌贼 克苏鲁奇幻与蒸汽朋克口碑力作 小丑卷全3册，炫出品）,,¥61.30
http://img3m1.ddimg.cn/82/1/29397241-1_b_1.jpg, 朝俞1+2套装（全2册）,,¥43.80
http://img3m1.ddimg.cn/0/17/29616741-1_b_1701073194.jpg, 好好说话1+2套装：非暴力沟通+精准表达（幼儿版）,,¥48.00
http://img3m5.ddimg.cn/86/10/23629505-1_b_1699496433.jpg, 有故事的汉字 第1辑（全3册）彩色印刷，图文并茂，详细诠释汉字的根与源，汉字的形与意,,¥30.00
http://img3m2.ddimg.cn/22/29/29478262-1_b_6.jpg, 1天6分钟，视力恢复术（不用药、不开刀，0成本视力恢复按摩操！）,,¥20.30
http://img3m8.ddimg.cn/68/11/29664428-1_b_1702079995.jpg, 小学生自学大语文1 针对各种读书读不进去 馒头大师新作 小学写作素材 一到六年级课外阅读积累 对应部编版一年级语文教材课,,¥45.40
http://img3m9.ddimg.cn/12/9/29361729-1_b_10.jpg, 龙族1-3礼盒套装修订版 赠绘梨衣Q版冰箱贴 江南著 共5册,,¥160.90
http://img3m7.ddimg.cn/36/1/26920017-1_b_1693388693.jpg, 1-4岁幼儿专注力培养游戏书・宝宝专注力1000：城市大发现（点读版）,,¥19.90
http://img3m3.ddimg.cn/42/7/26920023-1_b_1691403132.jpg, 1-4岁幼儿专注力培养游戏书・宝宝专注力1000（全6册）（点读版）,,¥119.40
http://img3m3.ddimg.cn/30/20/29487873-1_b_2.jpg, 1分钟漫画处事技巧每天懂一点为人处事社交礼仪沟通智慧书情商表达人际交往为人处事语言表达能力正版,,¥29.80
http://img3m8.ddimg.cn/79/27/29658598-1_b_1701235839.jpg, 不要用爱控制我1：如何识别和有效应对控制你的人,暂无出版社,¥48.90
http://img3m3.ddimg.cn/63/4/29143683-1_b_9.jpg, 一读就上瘾的中国史1+2(套装全2册),,¥53.80
http://img3m5.ddimg.cn/47/11/29549765-1_b_2.jpg, 龙域系列套装1-3：一部集魔幻传说与热血史诗的全新战记；适合9岁以上青少年读者群,(英)曾凯蒂 (英)曾家伟 译者：杜星苹 正清出品,¥44.50
http://img3m1.ddimg.cn/2/5/24015521-1_b_6.jpg, 1张纸折叠而成的艺术品 生动折纸,,¥24.90
http://img3m1.ddimg.cn/8/8/8904761-1_b_5.jpg, 新概念英语1 语法练习,,¥17.70
http://img3m3.ddimg.cn/16/8/23737543-1_b_20.jpg, 罗小黑战记1（豆瓣9.6分的国民动画！TV动画4月24日起每周六更新！每次看罗小黑，负能量都瞬间没！）,北京联合出版公司,¥19.90
http://img3m5.ddimg.cn/36/5/29631825-1_b_1698307804.jpg, 洛克数学启蒙第1辑+第2辑（全20册）绘本妈妈海桐推荐 3-6岁,,¥248.00
http://img3m9.ddimg.cn/70/33/29644729-1_b_1701421941.jpg, 大奥：1―6（吉永史代表作，女性漫画里程碑，简体中文版首度引进）,,¥149.00
http://img3m8.ddimg.cn/47/34/29571248-1_b_1.jpg, 1分钟漫画数学物理化学礼盒装全18册内附4副数理化公式挂图儿童数理化知识启蒙漫画书8-15岁中小学生少儿童百科全书,,¥89.00
http://img3m2.ddimg.cn/36/23/29662812-1_b_1702448652.jpg, 褚橙方法1：重新定义品牌,,¥34.50
http://img3m2.ddimg.cn/31/20/29139592-1_b_2.jpg, 龙族1：火之晨曦（修订版）,,¥34.00
http://img3m0.ddimg.cn/78/15/12100009560-1_b_1697622952.jpg, 你好!法语(1)(学生用书)(配DVD-ROM)(19新),暂无出版社,¥10.40
http://img3m5.ddimg.cn/22/28/29368075-1_b_12.jpg, 磨铁经典第1辑：一间自己的房间,,¥21.00
